%YAML:1.0
---
extrinsicRotation: !!opencv-matrix
   rows: 3
   cols: 3
   dt: d
   data: [ 4.4190979269232133e-01, -1.4470677969307560e-01,
       8.8531106569018403e-01, -8.9293948435671644e-01,
       -1.6543571749166497e-01, 4.1867660629031989e-01,
       8.5876727926668103e-02, -9.7554649878356792e-01,
       -2.0232206086270299e-01 ]
extrinsicTranslation: !!opencv-matrix
   rows: 3
   cols: 1
   dt: d
   data: [ 1.9700593321573459e+00, 1.5857553682405066e+00,
       5.7081454830538982e+00 ]
